2.922639306047671304e-01 3.414645792509836131e-01 3.662714901442492010e-01
8.738588963435320878e-01 1.254112144724266013e-02 1.135999822092249451e-01
3.123108739166826492e-02 7.926472213218569429e-01 1.761216912864755069e-01
8.368094317191333564e-01 2.234798488167374572e-02 1.408425833991910348e-01
5.320348115164079683e-01 1.102999469780191755e-01 3.576652415055722178e-01
7.594851082660283859e-02 7.273729779136282048e-01 1.966785112597689289e-01
9.439113820912561348e-01 1.323559776316088343e-02 4.285302014558278055e-02
8.317702797638055756e-01 5.306744474466597306e-02 1.151622754915283958e-01
1.506584732599324794e-01 7.898896560587294058e-01 5.945187068133835073e-02
5.863791672143884304e-01 1.235872319638636474e-01 2.900336008217466177e-01
1.455371923435054282e-01 7.120234176142219429e-01 1.424393900422724624e-01
5.674594165896160725e-01 1.738398780168885216e-01 2.587007053934964329e-01
6.864885169246286445e-01 1.096006060189475412e-01 2.039108770564233286e-01
8.695004824583192349e-01 3.948869992338324177e-03 1.265506475493415328e-01
7.252585406050940375e-02 6.118915430587537063e-01 3.155826028807370842e-01
1.384857288241871098e-01 6.437562076537797218e-01 2.177580635220337790e-01
4.657410912893777781e-03 4.349701424575072584e-02 9.518455748413555684e-01
8.948824581922372456e-02 1.520153529449149166e-01 7.584964012358607066e-01
7.303224886838539653e-01 7.207858285540290344e-02 1.975989284607425622e-01
1.789180761138130238e-01 7.854475162584710901e-01 3.563440762771658693e-02
1.179054315118459179e-01 4.502184043899065125e-01 4.318761640982473060e-01
8.775033707662373283e-02 8.325595818370318257e-01 7.969008108634505205e-02
2.365838309703119369e-01 3.131819889386005390e-02 7.320979701358296676e-01
9.381639289231489265e-01 1.685833589960704371e-02 4.497773517724559800e-02
9.651899726946886471e-01 7.646037073182012159e-03 2.716399023213066782e-02
2.525783594607840521e-01 6.620183247677464689e-01 8.540331577146938191e-02
6.600533462340829605e-01 1.410891622614832974e-01 1.988574915044344638e-01
1.950089461318250603e-02 9.650557909785681954e-01 1.544331440824884584e-02
7.898730368509887523e-01 1.094577134467221574e-01 1.006692497022890626e-01
1.505116282383430759e-01 6.436352631466750740e-01 2.058531086149815448e-01
1.680315645811393532e-02 9.158749818389446684e-01 6.732186170294154892e-02
2.690168587303159997e-01 1.861190726861044198e-01 5.448640685835791642e-01
9.906714376144533096e-01 1.135690649413577565e-03 8.192871736131019864e-03
8.706384826290070045e-01 4.153888442796014463e-02 8.782263294303181700e-02
8.735750219144172712e-01 1.182999185652280558e-02 1.145949862290614185e-01
7.560227270860099269e-01 5.913846102153702544e-02 1.848388118924537971e-01
9.385528349467152642e-01 1.223177744162765035e-02 4.921538761165569764e-02
1.180831713071758549e-01 3.925921401215978213e-01 4.893246885712246308e-01
2.844491105348702642e-01 5.022710141116102367e-01 2.132798753535194713e-01
4.707799877881242018e-03 9.424836458087559876e-01 5.280855431336175382e-02
7.365645835209448933e-01 7.131554561193920172e-02 1.921198708671168487e-01
3.679708627200948268e-01 2.873592090145047351e-01 3.446699282654008822e-01
6.129278264370070506e-01 3.080042887265623253e-01 7.906788483643056864e-02
2.980455250534509437e-01 9.246341603395099445e-03 6.927081333431537313e-01
9.262076356163938540e-01 1.300622535231123374e-02 6.078613903129565649e-02
4.686129675162034047e-01 1.630063004302499119e-01 3.683807320535466001e-01
5.412500127907377001e-01 5.886514225732696060e-02 3.998848449519362136e-01
9.676457473308852641e-02 3.196529647722035627e-01 5.835824604947074112e-01
1.759728711473459717e-01 2.273325849920060926e-01 5.966945438606472418e-01
7.555466233945934418e-01 1.335172256307345096e-01 1.109361509746725899e-01
4.819681752708294964e-02 9.173147938658215983e-01 3.448838860709484838e-02
6.627445703131887855e-01 3.016066635639469418e-01 3.564876612286466823e-02
8.652768426899103416e-01 2.112043945018696536e-02 1.136027178599018084e-01
2.046591266149586363e-01 4.623335333023782523e-01 3.330073400826637497e-01
5.135334861596881767e-02 7.683161723143188127e-01 1.803304790697125848e-01
8.528695777276995571e-02 1.941463276697856788e-01 7.205667145574450316e-01
7.945541688176344097e-01 1.319609338983891988e-01 7.348489728397621101e-02
3.499628618585764323e-02 9.093001568069711826e-01 5.570355700717122271e-02
1.324658799549122412e-01 3.579709472243030460e-02 8.317370253226559207e-01
5.370541575554889091e-01 2.388806150847054832e-01 2.240652273598047473e-01
9.744788391518340864e-01 2.245651054518855994e-03 2.327550979364879924e-02
8.211105892701301423e-01 1.927199826980540917e-02 1.596174124600636401e-01
3.615889260052499443e-01 1.168356709274933763e-01 5.215754030672559161e-01
7.740346562785057616e-01 8.290897935729536761e-02 1.430563643641987737e-01
7.502925195118646806e-02 5.664932328621202773e-01 3.584775151866934073e-01
4.865166560439518340e-01 4.853154760068879858e-02 4.649517963553577715e-01
3.270527161334407240e-01 3.424067884074577517e-01 3.305404954591020239e-01
9.047708219459725809e-01 4.726893270817879994e-02 4.796024534584778648e-02
1.343141048409236538e-01 8.152160040616877046e-01 5.046989109738814205e-02
9.651815760922516363e-01 5.625382173836043602e-03 2.919304173391314150e-02
3.233244120163387275e-02 6.753592978578384365e-01 2.923082609405274201e-01
9.373600931390564384e-01 1.440279033930003116e-02 4.823711652164395375e-02
9.153489416425958369e-01 4.770825668011741127e-02 3.694280167728618280e-02
2.843208193014526430e-01 3.199235222711299120e-01 3.957556584274177780e-01
5.852764604913046620e-01 1.973494027447337540e-01 2.173741367639613620e-01
9.916835325693854619e-01 6.423528959132997164e-04 7.674114534700226045e-03
7.214929679822253972e-01 1.321412122610098883e-01 1.463658197567644093e-01
8.624381283141092647e-01 8.296277957749104148e-02 5.459909210839915261e-02
9.190082215647312758e-01 1.272585254471320960e-02 6.826592589055434368e-02
6.498578414884971233e-01 6.785550410747655248e-02 2.822866544040262826e-01
1.450106594627152967e-01 5.710889181016731708e-01 2.839004224356118100e-01
7.427908623579102844e-03 5.172616450187144110e-01 4.753104463577071948e-01
1.462357208721387081e-01 7.910140360581455754e-01 6.275024306971560550e-02
7.746216027558151807e-02 9.392499422771895257e-02 8.286128454966993351e-01
8.581359348774594276e-01 5.013717493921727997e-02 9.172689018332270960e-02
2.225295325652673628e-01 6.106932699395083430e-01 1.667771974952245440e-01
7.042318144020978665e-02 7.135223654335099974e-01 2.160544531262809098e-01
5.092596653358983511e-02 3.800938166962002929e-01 5.689802167702097124e-01
1.020603916654876653e-01 8.007976636917089053e-01 9.714194464280349883e-02
9.566115909985167809e-01 1.859112981411824295e-02 2.479727918736494841e-02
9.528855576737005340e-01 1.241660498420769053e-02 3.469783734209094805e-02
3.505811418699794624e-01 3.951473504505731427e-01 2.542715076794476725e-01
3.348404762675454005e-02 8.900024836032929820e-02 8.775157040129176744e-01
3.377003582364100642e-02 9.226413038285306012e-01 4.358866034782808707e-02
2.045555777943918463e-01 1.662064781951329562e-01 6.292379440104755028e-01
5.066775472893027266e-02 9.314964863029182585e-01 1.783575896815199277e-02
6.273010076887407527e-01 2.829568183073206677e-01 8.974217400393846855e-02
2.940355602369583710e-01 4.757532485640343367e-01 2.302111911990075421e-01
2.569543893651964409e-02 7.847064336194724266e-02 8.958339177015335331e-01
1.375148109685739861e-01 7.313827323539978664e-01 1.311024566774287581e-01
6.422463306831746599e-02 6.921246473379994990e-01 2.436507195936833126e-01
7.419858372448301376e-01 1.693096360880723059e-02 2.410831991463616986e-01
2.562588691254698986e-02 8.844943166150818215e-01 8.987979647237147318e-02
9.422585663706490866e-01 9.532356624920204635e-03 4.820907700443013283e-02
7.945159658146931925e-01 1.320447745712575727e-01 7.343925961404948466e-02
5.196347288824906263e-01 2.576110367439674032e-01 2.227542343735418595e-01
9.279672296992553804e-01 1.030515588741396857e-02 6.172761441333030757e-02
6.060197974720071823e-01 7.730766027197552570e-02 3.166725422560190406e-01
7.583519364094601367e-02 5.429113639637477007e-02 8.698736699626810065e-01
8.910263145780126237e-01 3.251273012054060885e-02 7.646095530144730867e-02
1.716473443695552825e-01 3.231801885582971101e-01 5.051724670721485788e-01
8.237762663903898108e-01 3.504089409282454270e-02 1.411828395167867567e-01
9.420869133315252775e-01 9.147534323300666320e-03 4.876555234517552379e-02
1.200990256746834878e-01 5.052094491606655691e-01 3.746915251646514844e-01
6.679348822278886599e-01 2.346465633599129075e-01 9.741855441219773870e-02
6.857017831227742166e-02 9.062928785997399483e-01 2.513694308798316082e-02
6.471134510124136874e-01 2.617854145451455894e-01 9.110113444244059833e-02
9.721477373419444845e-01 2.662193884718252850e-03 2.519006877333581501e-02
3.944881672268310546e-01 3.083068663772760565e-01 2.972049663958936661e-01
6.228832067454165289e-01 4.580009731167987430e-02 3.313166959429044711e-01
4.331897821018469985e-01 9.473861872505785764e-02 4.720715991730949912e-01
4.668792956262195204e-02 6.309938331465956285e-01 3.223182372907829052e-01
6.036279591270419242e-01 8.466426196834657414e-02 3.117077789046114877e-01
9.461511589222232343e-02 7.588934334247787739e-01 1.464914506829988750e-01
1.149341833452545598e-02 4.029455506378743501e-01 5.855610310276010422e-01
1.322920173836446278e-01 7.469362142427685702e-01 1.207717683735863440e-01
5.015566569866853897e-01 5.139192801399505156e-02 4.470514149993199959e-01
1.022579794690655075e-01 8.787926260025742398e-01 1.894939452836063090e-02
7.310816445430983190e-01 6.219488429214754116e-02 2.067234711647535639e-01
7.922594719039260935e-01 2.416656515164145036e-02 1.835739629444332055e-01
7.481498578808666311e-01 6.401719448955212055e-02 1.878329476295799716e-01
6.889910069018544136e-02 5.784516305547282577e-01 3.526492687550857319e-01
7.077178151366357861e-01 1.003118019323352289e-01 1.919703829310284715e-01
1.625076008487555401e-01 5.816741767167086241e-01 2.558182224345359468e-01
2.167973829508862971e-01 2.988043925999359085e-01 4.843982244491784050e-01
4.352984764367884285e-02 1.221346199954795597e-01 8.343355323608400154e-01
1.904622276471462372e-01 4.413530752215649722e-01 3.681846971312888739e-01
6.534383759507949030e-01 2.711984110397892000e-01 7.536321300941718759e-02
8.867781812839763411e-01 4.269462088559466267e-02 7.052719783042861457e-02
8.657244979868753409e-01 4.956987081517941207e-02 8.470563119794553841e-02
4.824066510136382907e-03 9.711203111063217985e-01 2.405562238354166243e-02
6.931105717358674312e-01 1.874019243221207165e-01 1.194875039420111307e-01
3.862337233575664497e-01 3.658828728697076094e-01 2.478834037727247752e-01
4.399089097325704634e-01 3.996619871687480396e-02 5.201248915505549686e-01
1.345589473420119864e-01 3.062519236754003837e-01 5.591891289825881017e-01
9.573804946811483862e-01 3.274507986875047679e-03 3.934499733197693166e-02
3.412913452265840114e-02 7.653408199661619893e-01 2.005300455111797275e-01
2.004850688279676274e-01 5.791031680215843469e-01 2.204117631504479979e-01
5.281120457983315419e-02 9.049098576471901190e-01 4.227893777297699052e-02
1.516802648898293859e-01 6.992279665002446576e-01 1.490917686099256234e-01
1.814547280406900512e-02 8.288998290515890988e-01 1.529546981443422327e-01
1.555102595048547462e-02 6.612543485088059891e-02 9.183235391986325213e-01
5.771490117686095545e-01 3.430027320159228510e-01 7.984825621546712271e-02
9.557817918218332043e-01 1.508032831686055607e-03 4.271017534647995884e-02
2.714370540438659773e-01 2.723536178626097537e-01 4.562093280935250461e-01
9.284472727137710324e-01 1.427082671473918311e-02 5.728190057148955378e-02
1.178614167272155344e-01 8.295162393679937907e-01 5.262234390479018226e-02
6.222946552346128035e-01 2.773462920592023595e-01 1.003590527061844068e-01
7.663776977597148710e-01 1.240091795792936380e-01 1.096131226609916021e-01
2.143145754835686645e-01 4.431080333238389124e-01 3.425773911925926729e-01
7.954277538078267096e-01 1.285289748056211157e-01 7.604327138655260498e-02
1.330204204099283936e-02 9.444767652206480513e-01 4.222119273835939213e-02
1.793588845607950732e-01 2.897188396123608345e-01 5.309222758268438147e-01
9.005311794031374273e-01 1.028921407892466333e-02 8.917960651793717386e-02
1.043630364605970251e-01 6.619135925757686501e-01 2.337233709636344081e-01
3.873889126842138819e-01 4.682785243329304348e-02 5.657832348824947122e-01
1.115362657932928228e-02 3.174095699208795973e-01 6.714368034997918455e-01
4.795677044406029266e-01 7.034165763472170763e-02 4.500906379246760736e-01
6.259119116125126947e-01 1.968451458020798739e-01 1.772429425854074869e-01
5.618332376164451858e-02 8.009014862052921124e-01 1.429151900330628555e-01
9.787044095850006009e-01 2.046554986046540767e-03 1.924903542895047351e-02
3.627606472922857428e-01 4.213391097793814377e-01 2.159002429283329860e-01
5.018406861443104605e-02 7.409821641839025030e-01 2.088337672016665758e-01
9.913518031632256866e-01 8.828867350390376010e-04 7.765310101735469102e-03
1.525855183795572501e-01 6.451193360805359545e-01 2.022951455399069898e-01
8.937261085351980716e-01 2.348081774846370179e-02 8.279307371633951029e-02
9.873077418801826655e-01 2.888354633236219198e-03 9.803903486578202306e-03
4.690140719036493544e-01 4.447709922427309781e-01 8.621493585361961198e-02
2.494532952168777296e-01 5.930411087125267988e-01 1.575055960705954439e-01
7.859919470231959693e-01 2.218245836771049612e-02 1.918255946090943187e-01
2.169535557509635025e-03 9.782576736296247910e-01 1.957279081286543779e-02
3.980372245392657105e-01 3.254551963828782313e-01 2.765075790778563358e-01
2.423964233030861948e-01 5.900373745020346394e-01 1.675662021948791103e-01
7.137518940270941650e-03 9.610216137245083390e-01 3.184086733522041579e-02
2.445488502199644476e-01 5.836687384240236698e-01 1.717824113560114940e-01
8.919985302476446387e-01 2.159347322821490722e-02 8.640799652414199450e-02
7.420522890786207526e-01 1.623322206093275322e-01 9.561549031205252014e-02
7.164297874608147043e-02 9.419316375941857999e-03 9.189377048779779900e-01
1.649259716308105472e-01 5.835942831390417140e-01 2.514797452301477110e-01
2.238752774280249047e-01 3.910944524738207417e-01 3.850302700981547699e-01
1.714586069338279173e-01 3.136772608066260570e-01 5.148641322595466363e-01
2.328738018653168096e-01 4.315914359666764843e-01 3.355347621680065950e-01
1.770353629344333379e-01 4.333985284519031866e-02 7.796247842203760658e-01
5.536267326807324807e-01 9.615773153394166495e-02 3.502155357853252160e-01
4.379108506741241635e-02 7.803242115526100031e-01 1.758847033799774973e-01
8.587182912548025904e-01 3.109236786091547355e-02 1.101893408842811728e-01
9.248290201005635591e-01 1.220164913814606594e-02 6.296933076129203333e-02
8.777010238076971005e-02 6.223231869955446749e-01 2.899067106236856151e-01
5.000944525174892963e-01 1.751426559263958016e-01 3.247628915561143748e-01
7.848276981262525265e-01 2.856743970654413572e-02 1.866048621672038721e-01
5.105613239283974397e-02 1.563345717254984724e-01 7.926092958816626233e-01
3.343108504398827341e-01 3.328445747800586330e-01 3.328445747800586330e-01
5.992563720429063823e-01 2.512992674229628798e-01 1.494443605341299330e-01
3.598800012302581786e-02 8.729881253722269197e-01 9.102387450474741515e-02
5.602782197758136018e-01 4.285276846186457378e-02 3.968690117623214220e-01
1.462033298243654300e-01 7.192924795672523963e-01 1.345041906083822847e-01
7.715581695460853595e-01 2.155064680126721199e-02 2.068911836526471648e-01
9.445414750639785639e-01 4.358087232109720405e-03 5.110043770391300283e-02
8.696493643498529602e-01 3.365190656178730644e-02 9.669872908835952519e-02
6.467848956315628284e-01 5.282410815791671599e-02 3.003909962105208442e-01
4.761716093828128327e-01 9.728444067453341504e-02 4.265439499426530445e-01
7.786496756640832739e-01 1.514641685250222962e-02 2.062039074834158825e-01
4.054817702385115630e-01 2.851746998048565462e-01 3.093435299566314467e-01
1.431494688172334911e-02 9.614564685014538314e-01 2.422858461682248638e-02
6.510247400575737142e-01 2.994524573666205725e-01 4.952280257580551903e-02
9.155786093152301630e-02 6.936799960589437042e-01 2.147621430095332795e-01
9.121577174062596161e-01 1.771010842648629638e-02 7.013217416725546494e-02
3.343108504398827341e-01 3.328445747800586330e-01 3.328445747800586330e-01
5.709100609727481013e-01 1.175659756327837174e-01 3.115239633944683617e-01
1.772789386705159176e-01 3.167504303895373186e-01 5.059706309399472079e-01
7.100508987198884681e-01 1.202801308402558639e-01 1.696689704398554321e-01
1.064534333171286429e-01 6.635898174471559496e-01 2.299567492357153797e-01
6.571120985890449573e-01 1.627649559994756578e-01 1.801229454114784967e-01
1.667701302397469054e-01 5.822694644651993379e-01 2.509604052950539788e-01
5.920199418368299327e-01 3.080813677564785413e-01 9.989869040669116518e-02
1.565935014562305772e-01 7.857730095255995861e-01 5.763348901816998243e-02
7.803342800130574908e-01 4.105878908195625954e-02 1.786069309049850284e-01
8.819436498483265718e-02 7.101459513976104976e-01 2.016596836175575946e-01
5.899063667575489278e-01 7.874749893970250589e-03 4.022188833484823811e-01
3.007604682188045331e-01 1.624283110076147063e-01 5.368112207735800112e-01
5.781459011746026277e-01 1.026345599597507374e-01 3.192195388656473010e-01
4.894711687606862621e-02 6.096718632932780491e-01 3.413810198306529431e-01
3.316607966083229535e-03 9.216816770556169880e-01 7.500171497829921652e-02
9.862225184223267771e-01 2.602316913915796257e-03 1.117516466375834475e-02
5.649691508989640454e-01 9.115554697669242534e-02 3.438753021243453611e-01
4.703050876238380751e-02 8.930725712080472833e-01 5.989692002956951283e-02
3.279279477121689323e-01 7.023269203798002125e-02 6.018393602498526285e-01
9.679864334181680352e-01 3.025707181893212173e-03 2.898785939993946820e-02
7.571685383166343319e-01 9.009018455254735880e-02 1.527412771308184203e-01
7.597421570683814407e-01 3.655835298850436399e-02 2.036994899431140427e-01
4.597770422097355869e-01 1.355396708678559825e-01 4.046832869224073481e-01
8.427030545915030757e-01 1.999139981702856630e-02 1.373055455914696521e-01
5.426887083582100368e-01 6.665689054170421957e-02 3.906544011000843697e-01
9.284340060452400678e-01 1.942566510583437767e-02 5.214032884892487452e-02
2.739877742467199395e-01 2.708805139406515461e-01 4.551317118126286254e-01
5.243362008877621577e-02 1.735569764752903088e-01 7.740094034359328301e-01
7.502469027206178920e-01 6.781872869819395577e-02 1.819343685811885825e-01
1.808046439874846922e-02 9.562275843060606961e-01 2.569195129519116425e-02
4.908388228080686616e-02 7.182132251222502761e-01 2.327028925969436834e-01
3.268831492529034599e-01 2.029777659094472997e-01 4.701390848376497678e-01
7.327056920197174694e-01 4.202917628146519285e-02 2.252651316988177055e-01
1.371932319313527160e-01 6.876373852525703712e-02 7.940430295433898999e-01
9.097602722402628461e-02 6.051782769966637110e-01 3.038456957793099766e-01
4.606414584707719806e-01 1.723792139062329254e-01 3.669793276229946222e-01
4.665221501151490258e-01 4.825028862554083253e-01 5.097496362944291953e-02
1.038632421177209005e-02 8.725429244945398510e-01 1.170707512936871170e-01
3.752102751366596656e-01 4.415765602632995002e-01 1.832131646000408343e-01
1.868553522858743543e-01 7.620197310179892547e-01 5.112491669613636325e-02
6.100905084000345369e-01 6.595834862066458915e-02 3.239511429792994446e-01
5.160063279976830897e-01 1.945713840461485433e-01 2.894222879561682005e-01
5.476288138864571220e-01 1.604551142960736199e-01 2.919160718174675373e-01
4.980488771049081942e-01 9.685275766745587989e-02 4.050983652276365921e-01
8.678828436724630446e-01 3.253638082140536403e-02 9.958077550613225748e-02
8.739579479593794220e-01 1.872752712081656237e-02 1.073145249198036583e-01
8.500931862087398594e-01 2.003507838959561055e-02 1.298717354016628023e-01
1.271557165172771016e-02 1.388266837528244202e-01 8.484577445954473163e-01
9.963926548593504684e-01 8.223504597099296409e-04 2.784994680936938617e-03
3.056485449388416376e-01 3.260172234501063637e-01 3.683342316110521653e-01
8.635810293670430696e-03 9.643084197790281475e-01 2.705576992730162819e-02
6.629005919900839150e-02 6.736113698776800829e-02 8.663488038132243219e-01
5.610887688853177790e-01 8.650013735390214842e-02 3.524110937607806693e-01
8.816946418777039662e-01 1.368806201790378346e-02 1.046172961043907584e-01
8.530474155431200245e-01 4.051688396237572432e-02 1.064357004945047508e-01
6.646680026827759269e-01 1.942610274381091906e-01 1.410709698791147160e-01
8.972291845394041454e-01 4.276013841937647414e-02 6.001067704121954005e-02
6.349992728530428066e-01 1.541553475185165611e-01 2.108453796284406045e-01
4.560403585305298352e-02 7.533879960853535895e-02 8.790571645384117616e-01
1.384171611374667432e-01 1.884976611968304239e-01 6.730851776657025276e-01
5.568212297749259437e-02 7.614651215204745194e-01 1.828527555020326989e-01
6.681058950288259676e-03 9.479970227385603465e-01 4.532191831115160718e-02
3.841505774949492968e-01 2.148299892549722367e-02 5.943664235795534934e-01
9.205430991666089247e-01 1.966729194863792510e-02 5.978960888475377822e-02
8.779771423128464314e-02 8.055557441460358126e-01 1.066465416226797108e-01
9.415135609292729635e-01 6.408757160475965151e-03 5.207768191025164556e-02
1.249420252858026020e-01 8.449834312124477886e-01 3.007454350174928320e-02
8.402335659757576014e-01 1.581378601274085333e-02 1.439526480115027596e-01
8.930569560839063392e-01 1.799249037740441315e-02 8.895055353869089909e-02
3.809548295626159764e-02 6.308463714511526599e-02 8.988198798986235527e-01
7.515451127757837302e-01 1.927711979063925080e-02 2.291777674335754855e-01
1.454346423982418729e-02 8.648214078774778546e-01 1.206351278826976597e-01
1.701245461124639702e-01 5.130746570729084466e-01 3.168007968146274167e-01
7.821312015434447318e-01 1.443590015589133746e-01 7.350979689764118585e-02
7.591339568554815453e-02 7.907936883419741658e-01 1.332929159724775547e-01
3.396156168605242720e-01 5.466893109649314519e-01 1.136950721745448173e-01
2.647361537215898730e-01 3.564367783233186177e-02 6.996201684460788828e-01
8.243824647228176206e-01 9.625678571905872671e-02 7.936074955812467968e-02
5.738523272585479562e-01 3.332681285679577332e-01 9.287954417349478242e-02
1.106979592246443989e-01 2.110622885860008180e-01 6.782397521893548387e-01
1.776345355007782900e-02 9.034721464875541397e-01 7.876439996236794805e-02
3.766414811922112749e-02 6.716906677879279641e-01 2.906451840928501174e-01
5.886028909995227876e-01 3.333273063884356624e-01 7.806980261204136962e-02
8.306149135392960625e-01 3.133203707484358974e-02 1.380530493858588836e-01
1.415731655819882188e-02 9.249874395457091669e-01 6.085524389609224538e-02
8.795733535498849731e-01 2.669813629011780556e-02 9.372851015999655866e-02
8.785193635041501636e-01 4.224548750532604313e-02 7.923514899052470917e-02
3.947538175192903953e-01 9.817595535595900758e-02 5.070702271247500281e-01
5.841231658216162748e-01 3.641295665109680058e-01 5.174726766741589296e-02
5.606462040678595465e-02 7.069034788032432237e-01 2.370319007899707175e-01
3.915742464147840135e-02 7.667331107391650580e-01 1.941094646193568529e-01
2.776217745316789665e-01 5.846374167171081160e-01 1.377408087512130008e-01
6.409104753087765394e-01 6.868251676921201254e-02 2.904070079220115730e-01
2.249956897859052007e-01 4.473122988266514666e-01 3.276920113874433604e-01
2.348664192770839043e-01 3.353938350835615756e-01 4.297397456393545756e-01
3.167881650715784203e-02 9.251779237187143234e-01 4.314325977412815372e-02
8.714152940925554147e-02 1.357213724324367599e-01 7.771370981583075599e-01
2.273434874862095278e-01 4.258559873443833466e-01 3.468005251694086244e-01
5.804092853421921605e-01 1.897124386129355189e-01 2.298782760448719320e-01
4.497114047900976908e-01 2.095183388811177050e-01 3.407702563287850483e-01
7.180022162262297836e-02 9.667336339269336221e-02 8.315264149846830488e-01
5.656239007191219414e-01 7.565656618191869687e-02 3.587195330989593756e-01
6.329548614308195820e-01 1.221857267986667210e-02 3.548265658893153818e-01
3.099305594986624321e-03 8.281504780940910360e-01 1.687502163109224906e-01
2.489939260827838119e-01 1.926621031255150718e-01 5.583439707917009498e-01
9.369366009942445839e-01 3.374023990990886873e-02 2.932315909584707475e-02
1.904192506427456466e-01 6.582916783231084201e-01 1.512890710341462941e-01
7.186656998057296963e-01 5.791230711276897786e-02 2.234219930815015132e-01
9.536928338176953526e-03 8.586565161583054051e-01 1.318065555035182745e-01
3.026779941278261443e-01 2.160566180479055881e-02 6.757163440673819021e-01
2.419027424527248615e-01 4.281392785293307024e-01 3.299579790179449357e-01
5.606278057628845124e-01 2.218346441811548664e-03 4.371538477953022528e-01
7.266492719586804538e-01 6.684394975465184074e-02 2.065067782866689405e-01
1.312429777982385137e-01 3.940621302636003187e-01 4.746948919381608345e-01
8.315180933443669931e-01 2.787427429296816805e-02 1.406076323626631319e-01
4.309888881695790597e-02 1.584801293510155751e-01 7.984209818320268104e-01
7.723032250557613221e-01 3.555247412614544883e-02 1.921443008180926670e-01
8.977724047750914593e-01 1.441826005871819916e-02 8.780933516619139623e-02
9.930451283416561470e-01 1.938091110171137263e-03 5.016780548174050620e-03
5.732775583470010004e-03 9.558890230536714050e-01 3.837820136285823719e-02
8.577832699523233462e-01 8.404750747430239990e-03 1.338119793002449376e-01
4.422833297213437515e-02 7.970984286684377196e-01 1.586732383594281481e-01
6.651270189396736310e-01 6.986522703846384519e-02 2.650077540218642169e-01
6.857400604241566978e-03 9.861805614306323742e-01 6.962037965126531558e-03
1.449970605264627732e-02 9.486881584471575923e-01 3.681213550019699077e-02
8.436529400914929422e-01 4.111971843530361215e-02 1.152273414732026269e-01
3.107529445821335945e-02 3.288684530014407414e-02 9.360378602416417060e-01
7.849457964504615859e-01 1.253777443333570496e-01 8.967645921618214166e-02
1.835910209607590216e-01 6.432248077648866635e-01 1.731841712743547868e-01
1.237265157725920238e-02 9.090667226355250152e-01 7.856062578721575984e-02
1.214812511542084639e-01 7.614914582016183431e-01 1.170272906441728183e-01
7.691542291286631583e-01 4.836574435932279592e-02 1.824800265120149756e-01
8.233720098499484052e-01 2.343722318547751537e-02 1.531907669645749537e-01
9.786063707246135390e-01 5.578611857189608170e-03 1.581501741819680076e-02
6.826201438198905569e-01 1.571824623031573345e-02 3.016616099497952397e-01
9.563262354969229717e-01 9.729108426193209397e-03 3.394465607688301051e-02
5.510912576503335797e-02 2.796226092920985895e-01 6.652682649428682815e-01
1.149659153693920015e-02 9.551632651809187635e-01 3.334014328214227052e-02
6.052762147217931599e-01 1.521548948521377065e-01 2.425688904260694667e-01
1.409910521184467025e-01 4.783180443219938738e-01 3.806909035595598123e-01
9.302262882171657976e-01 1.382135751637898063e-02 5.595235426645364663e-02
7.928083369677506598e-01 5.110709919066763751e-02 1.560845638415805925e-01
6.392358450215540611e-01 2.364997709939146153e-01 1.242643839845307685e-01
2.729646544878016612e-01 4.013852769578851731e-01 3.256500685543130547e-01
8.918447004193849059e-01 2.294664699891907356e-02 8.520865258169625645e-02
7.397554937232704297e-01 6.904795444411356009e-02 1.911965518326148028e-01
9.653532735382664987e-01 3.413091633482998304e-03 3.123363482825182447e-02
2.741485011446726308e-02 1.122974745294874760e-01 8.602876753560452228e-01
6.908992840305878957e-02 7.901366202624744428e-01 1.407734513344661709e-01
2.165301818013120466e-02 9.442219258404348503e-01 3.412505597943460423e-02
6.835236683434972593e-02 8.601018208501812756e-01 7.154581231546981723e-02
4.386207311416122634e-01 1.689168724827362356e-01 3.924623963756514455e-01
8.922135890579192541e-01 7.873079509625678304e-03 9.991333143245542669e-02
6.259796870321013840e-01 1.007689987032579088e-01 2.732513142646412208e-01
2.934098840911439354e-01 1.110934516904740592e-02 6.954807707398091843e-01
6.577500814603315371e-02 8.230704627557613451e-01 1.111545290982062506e-01
4.542300209951094514e-01 2.657223676317277961e-01 2.800476113731634187e-01
4.609914568790879352e-02 8.129692033591665590e-01 1.409316509529245642e-01
9.489923737475074450e-01 1.475908629634388458e-02 3.624853995614754631e-02
3.993757191835244358e-01 2.150392497228497679e-01 3.855850310936260184e-01
2.356194811694369284e-01 6.064167370593669809e-02 7.037388451246255894e-01
1.869010495995228338e-01 7.017276126152974802e-01 1.113713377851791864e-01
1.119596665602266145e-02 2.081926569719140183e-02 9.679847676467858708e-01
2.480396635136983621e-02 7.688627707262287725e-01 2.063332629224005066e-01
2.203559593024917440e-02 9.528104918482868113e-01 2.515391222146426409e-02
7.694299721168897932e-01 1.893786158944979481e-01 4.119141198861312608e-02
6.543801350200616485e-01 1.827282584644646102e-01 1.628916065154736581e-01
4.210395696805422916e-01 2.219154756980006027e-01 3.570449546214564118e-01
3.742369549241109650e-01 7.377549155725010577e-02 5.519875535186394844e-01
7.238675938833231960e-02 8.252434144661332516e-01 1.023698261455346786e-01
1.166639187885567946e-01 1.455261539463830744e-01 7.378099272650604501e-01
8.913134008736147695e-01 6.404361119527446355e-02 4.464298793111111385e-02
5.644622309537696003e-02 8.744069767111147806e-01 6.914680019350843976e-02
9.398935574033546736e-01 1.049476219695458581e-02 4.961168039968950200e-02
1.409038859496363483e-01 1.216175108647659930e-01 7.374786031855981028e-01
8.509062640558468643e-03 9.182481407614179192e-01 7.324279659802331033e-02
8.082784356173478013e-01 3.977448415069177040e-02 1.519470802319604075e-01
1.189673431125933684e-01 3.751405915606528807e-02 8.435185977313400807e-01
1.541838905572895657e-01 4.735449683216860078e-02 7.984616126105421596e-01
8.903315783318783705e-01 1.832033483499795334e-02 9.134808683312355126e-02
9.281013118007949148e-01 2.660788451451422468e-02 4.529080368469238366e-02
9.456979370154822151e-01 1.787763788003347842e-02 3.642442510448570120e-02
2.121777232182941453e-01 5.438938752416889733e-01 2.439284015400165762e-01
6.885159852232874966e-01 7.922166220947160498e-02 2.322623525672407319e-01
1.737183466334350085e-02 8.145975321918976775e-01 1.680306331447593282e-01
1.748072852874056615e-02 1.931624958579601925e-01 7.893567756132991997e-01
2.782466092120730594e-01 2.061813824230782077e-01 5.155720083648474006e-01
1.297539391902395867e-01 8.399819429453478925e-01 3.026411786441280186e-02
1.600074917522327500e-01 4.311490497039148218e-01 4.088434585438520119e-01
3.847732432376540501e-01 4.316002017096498555e-01 1.836265550526961776e-01
1.152794565283769834e-02 9.426663494485301165e-01 4.580570489863153988e-02
2.279569513392184221e-01 2.238989244560431746e-01 5.481441242047375706e-01
7.104616027759580454e-01 5.589731108788943692e-02 2.336410861361529756e-01
8.578930196694978250e-01 8.951587892076560971e-02 5.259110140973612124e-02
2.880538085279557015e-01 5.903318314609492523e-01 1.216143600110954764e-01
5.320981444799284255e-01 1.064206079875502087e-01 3.614812475325206442e-01
1.515925616491091595e-02 8.480165383284798963e-01 1.368242055066096197e-01
6.752104178257070100e-01 2.738493699273817361e-01 5.094021224690975513e-02
1.213403752612376811e-02 2.117105784287300063e-01 7.761553840451458353e-01
7.249464445427880044e-01 1.572709638329566895e-01 1.177825916242549870e-01
9.626862633227213362e-01 1.081361408524726848e-02 2.650012259203114035e-02
8.159573173383328770e-01 2.378059510889480796e-02 1.602620875527732969e-01
7.583714646020208762e-03 1.163157631218290564e-02 9.807847090417977087e-01
4.253393435865511774e-01 6.146488817470880522e-02 5.131957682387401354e-01
9.786068449134623926e-01 6.783123584194792645e-03 1.461003150234340894e-02
2.082323648520106596e-01 6.447793699892030439e-01 1.469882651587860467e-01
9.726695091041779317e-01 3.773260317712027762e-03 2.355723057810980847e-02
7.006467246887475575e-01 6.037988669683978099e-02 2.389733886144141117e-01
7.317433171750774568e-01 4.913890261930712461e-02 2.191177802056142876e-01
9.129855851621268004e-01 3.504279013307424334e-02 5.197162470479786689e-02
6.360582819965428236e-02 6.316191451041095611e-03 9.300779803493050002e-01
3.805302123693700689e-01 2.005562380109498222e-01 4.189135496196798036e-01
8.346391283066064704e-01 4.653955883445592967e-02 1.188213128589380163e-01
4.147794881252191146e-02 8.818926065420594762e-01 7.662944464541890377e-02
6.992460896601901954e-01 1.526685300817051949e-01 1.480853802581037770e-01
9.185420668353612150e-01 1.449667606938099228e-02 6.696125709525808933e-02
9.791478489173287558e-01 3.402254537920776020e-03 1.744989654475004662e-02
1.796882756022660232e-01 6.604374477145167344e-01 1.598742766832176587e-01
7.573838169346100990e-01 4.218666822285863094e-02 2.004295148425318251e-01
1.988848484895775481e-01 6.720644959831705290e-01 1.290506555272524780e-01
9.028188729874531138e-01 2.529099169560349372e-02 7.189013531694359027e-02
5.478418058008239361e-02 9.022939806952784414e-01 4.292183872463978256e-02
8.619638642481626256e-01 5.964287609046523692e-02 7.839325966137153379e-02
3.097308935737483893e-01 3.619049545239514942e-01 3.283641519023000610e-01
3.895365257892212107e-01 2.028116455509281213e-01 4.076518286598511120e-01
4.850239155123920454e-01 2.847086272564023912e-01 2.302674572312052581e-01
3.175716176933387341e-02 9.096127506367382987e-01 5.863008759392780711e-02
1.808046439874846922e-02 9.562275843060606961e-01 2.569195129519116425e-02
1.721532592559878172e-01 3.719223124149088067e-01 4.559244283291034039e-01
1.654400400684637173e-01 4.172550806639450660e-01 4.173048792675912999e-01
9.344102667999139022e-01 1.919078445106747743e-02 4.639894874901944605e-02
3.415694370862409346e-01 1.078430738680889039e-01 5.505874890456697868e-01
1.285924657201552822e-02 3.094557885001341657e-01 6.776849649278503529e-01
3.343108504398827341e-01 3.328445747800586330e-01 3.328445747800586330e-01
1.137562576911282930e-01 6.900908620062781162e-01 1.961528803025932299e-01
1.325790490731000026e-01 5.005785240217223153e-01 3.668424269051777098e-01
6.002721028486671800e-02 9.072213417596016738e-01 3.275144795553178861e-02
9.566006122269922196e-01 1.309266335028825418e-02 3.030672442271805170e-02
3.629598180276233377e-01 1.559034415794052220e-01 4.811367403929720510e-01
8.737219474132217334e-01 3.401993219815858949e-02 9.225812038861858078e-02
1.304830116181169425e-02 2.204086774962819573e-01 7.665430213419061056e-01
8.724344259972296456e-01 2.743629755043219820e-02 1.001292764523395856e-01
5.183191252546071742e-02 8.555331537536153830e-01 9.263493372092432288e-02
4.398581711974992592e-01 4.135675694408356973e-02 5.187850718584171572e-01
3.370767868020355801e-02 8.591622582777674877e-01 1.071300630420293915e-01
5.585046426410753551e-01 5.279599284212277421e-02 3.886993645168012601e-01
8.471874240188941307e-01 8.788166102613118036e-02 6.493091495497543830e-02
1.086842517384967524e-02 2.769798332080039907e-02 9.614335915053485726e-01
4.917495032493232054e-01 9.359939081641389935e-02 4.146511059342636862e-01
8.030332849413878149e-01 4.015063952952888093e-02 1.568160755290819441e-01
9.259664293709640726e-01 2.303831098025873811e-02 5.099525964877669321e-02
5.812036283352893795e-01 3.427987968638694372e-01 7.599757480084051720e-02
9.017378297608479032e-02 8.079114127187778660e-01 1.019148043051364000e-01
1.007258276632289340e-01 8.399732701573191518e-01 5.930090217945183789e-02
9.556227728724527373e-03 9.564405256783427012e-01 3.400324659293243318e-02
9.499447553543234335e-01 9.395409517586258974e-03 4.065983512809009937e-02
6.100184751005687661e-02 7.280922941294081241e-01 2.109058583605348536e-01
1.004915667604199536e-01 5.740127572008664469e-02 8.421071575194932768e-01
6.466749652521815994e-01 8.134384726281644606e-02 2.719811874850019962e-01
1.318158863875812034e-02 1.198744585811514218e-01 8.669439527800900658e-01
8.351542982489947864e-01 6.202507907284618427e-02 1.028206226781589738e-01
6.753502007186504286e-02 9.112823002145878926e-01 2.118267971354705070e-02
6.139842186607121777e-01 3.369312727122811268e-01 4.908450862700763223e-02
9.815208096419624217e-01 5.247920590676098847e-03 1.323126976736256448e-02
1.245340371039433819e-01 4.814658210005950401e-01 3.940001418954616197e-01
5.222874738207926582e-01 2.103082949394693424e-01 2.674042312397379995e-01
8.503727358731331953e-02 9.022447880743857118e-02 8.247382476052467215e-01
2.892791040128231059e-02 9.179754317486762405e-01 5.309665785004158423e-02
2.334568662185540835e-02 8.605401482677003111e-01 1.161141651104441730e-01
9.120380077002955277e-01 1.575497087888873965e-02 7.220702142081560082e-02
8.609993585800859162e-01 2.886986836370592294e-02 1.101307730562081366e-01
4.878889151479491315e-01 2.506290077212648959e-01 2.614820771307863057e-01
4.676450167372880884e-01 1.058469911159543447e-01 4.265079921467581636e-01
6.003292735726197815e-01 1.451211817720899910e-01 2.545495446552902830e-01
2.825690420362017563e-01 2.390778434415871956e-01 4.783531145222105208e-01
6.950028867256716758e-01 5.613968304273370125e-02 2.488574302315929576e-01
9.886489849561376220e-01 1.903041103918516868e-03 9.447973939942977753e-03
4.829903132891216755e-01 4.433450538775275396e-01 7.366463283334986900e-02
8.492089469402067659e-01 5.580462037977336476e-02 9.498643268001939755e-02
8.787214896064632352e-01 2.523501715533492742e-02 9.604349323820281226e-02
1.320317308330729300e-01 7.445681690082266435e-01 1.234001001587011759e-01
9.500974461895702605e-01 1.398328369516366881e-02 3.591927011526514779e-02
6.959898111522959674e-01 6.538563614548018044e-02 2.386245527022230750e-01
7.470115736942906093e-01 1.939548715742510088e-01 5.903355473145891624e-02
5.411340224822022149e-01 3.592601019934158479e-01 9.960587552438164571e-02
7.498577603344315223e-01 1.694528894128821406e-01 8.068935025268574035e-02
8.327913772476219778e-01 1.340988629140986432e-02 1.537987364609683660e-01
3.538391807782878540e-02 7.916459576094012629e-01 1.729701243127695631e-01
3.754097509599490373e-02 9.045543455190537818e-01 5.790467938495200140e-02
9.820802026726704881e-02 6.168313079977743030e-01 2.849606717349583707e-01
8.482385591674435066e-01 9.534928789790925174e-02 5.641215293464668656e-02
2.642715348461939506e-02 8.386213100735459003e-01 1.349515364418341357e-01
2.471699467956957330e-01 3.927922031344380227e-01 3.600378500698661055e-01
9.353930296590301507e-01 1.237885467652267285e-02 5.222811566444569148e-02
9.471737096428960445e-01 8.748989617972467020e-03 4.407730073913276175e-02
1.878458854222589680e-01 1.473725704038851281e-01 6.647815441738557096e-01
1.731421247691686538e-01 6.366294744424589869e-01 1.902284007883725259e-01
7.743814277887652864e-01 4.196286534986093386e-02 1.836557068613732246e-01
3.289882658764683998e-01 6.506669964923850191e-02 6.059450344742928207e-01
9.050084892504229872e-01 1.481702452733804631e-02 8.017448622224034038e-02
5.168746777322921065e-02 8.963267338323009925e-01 5.198579839447040052e-02
7.395284342765147123e-01 4.860698470030217627e-02 2.118645810231826465e-01
3.221819234305076662e-01 2.782924183677930596e-01 3.995256582016984970e-01
7.244624040407694476e-01 9.798978866241825347e-02 1.775478072968132981e-01
5.702027834154489438e-01 2.258317175332435756e-01 2.039654990513066202e-01
1.194793058892523047e-02 9.266224584193143432e-01 6.142961099176069001e-02
2.365680142436884792e-01 2.731663203327643896e-01 4.902656654235474365e-01
2.292629265278944492e-02 8.401278148044045713e-01 1.369458925428066465e-01
9.060399113039954155e-01 1.938642899394191557e-02 7.457365970206307482e-02
6.291746725433450260e-01 2.693508728475476066e-01 1.014744546091071870e-01
1.298083731406952379e-01 8.049980075054788964e-01 6.519361935382604611e-02
1.902114727572020991e-01 2.111925673179527313e-02 7.886692705110033286e-01
4.454194421721906216e-02 6.888029345342742971e-02 8.865777623293548126e-01
1.084377096306580607e-01 8.353149094512383188e-01 5.624738091810329438e-02
2.083929910992616402e-02 8.908411463762416771e-01 8.831955451383234623e-02
